1 | JAMUNABANK | 21.4 | 22.1 | 21.3 | 21.4 | 21.2 | 0.2 | 2,266 | 316.5000 | 14,616,015 | 
2 | BSC | 119.5 | 121.1 | 115.9 | 119.5 | 118.3 | 1.2 | 5,203 | 310.1460 | 2,626,945 | 
3 | CITYBANK | 25.4 | 25.8 | 25.2 | 25.4 | 25.5 | -0.1 | 2,325 | 297.7290 | 11,696,465 | 
4 | ORIONINFU | 368.1 | 373.9 | 356 | 368.1 | 356 | 12.1 | 3,738 | 258.1620 | 713,906 | 
5 | UTTARABANK | 22 | 22.8 | 21.9 | 22 | 22.7 | -0.7 | 2,458 | 194.2740 | 8,741,700 | 
6 | BXPHARMA | 116.9 | 119 | 114.3 | 116.1 | 118.4 | -1.5 | 2,464 | 190.4960 | 1,630,161 | 
7 | BANKASIA | 19.6 | 20.3 | 19.4 | 19.6 | 19.6 | 0 | 1,354 | 172.8930 | 8,733,471 | 
8 | BRACBANK | 69.9 | 71.6 | 69.4 | 69.9 | 69.9 | 0 | 1,720 | 169.5350 | 2,415,230 | 
9 | MALEKSPIN | 28 | 29.6 | 27.8 | 28 | 29 | -1 | 2,836 | 142.2480 | 4,990,649 | 
10 | TRUSTBANK | 21.3 | 23.4 | 21.1 | 21.3 | 23.4 | -2.1 | 2,216 | 138.9170 | 6,390,434 | 
11 | SQURPHARMA | 230.2 | 233.2 | 229.6 | 230.2 | 232.2 | -2 | 2,301 | 134.8330 | 584,615 | 
12 | ROBI | 27.9 | 28.7 | 27.8 | 27.9 | 28.4 | -0.5 | 2,243 | 132.7760 | 4,712,274 | 
13 | BSCPLC | 158.7 | 162 | 149.7 | 158.7 | 149.8 | 8.9 | 3,197 | 119.7090 | 762,275 | 
14 | OLYMPIC | 171.5 | 174 | 168.5 | 171.5 | 172.9 | -1.4 | 2,360 | 119.6550 | 697,474 | 
15 | SONALIPAPR | 167.3 | 168.5 | 164 | 167.3 | 163.2 | 4.1 | 4,053 | 105.3030 | 631,429 | 
16 | ASIATICLAB | 46.3 | 47.3 | 45.9 | 46.3 | 46.7 | -0.4 | 1,271 | 101.6140 | 2,174,694 | 
17 | BATBC | 300 | 307 | 299.7 | 300 | 306.6 | -6.6 | 3,223 | 100.4320 | 332,578 | 
18 | PUBALIBANK | 30.6 | 31.8 | 30 | 30.6 | 31.7 | -1.1 | 1,428 | 98.1260 | 3,157,003 | 
19 | LANKABAFIN | 18 | 18.6 | 17.9 | 18 | 18.2 | -0.2 | 1,853 | 97.4230 | 5,338,883 | 
20 | PRIMEBANK | 28.2 | 28.6 | 28.1 | 28.2 | 28.4 | -0.2 | 672 | 92.6150 | 3,258,357 | 
21 | KBPPWBIL | 117 | 120 | 115.5 | 117 | 118.9 | -1.9 | 1,328 | 86.9870 | 743,277 | 
22 | NAVANAPHAR | 57.7 | 59.5 | 57.4 | 57.7 | 57.1 | 0.6 | 2,454 | 85.5550 | 1,462,416 | 
23 | ISLAMIBANK | 48.4 | 49.9 | 48 | 48.4 | 48.4 | 0 | 2,126 | 83.2850 | 1,702,020 | 
24 | MJLBD | 101.9 | 105.8 | 101.3 | 101.9 | 103.9 | -2 | 1,595 | 82.8750 | 799,134 | 
25 | EHL | 84.9 | 88.3 | 84.3 | 84.9 | 87.8 | -2.9 | 2,098 | 81.4250 | 943,429 | 
26 | DHAKABANK | 12.4 | 12.8 | 12.3 | 12.4 | 12.7 | -0.3 | 1,029 | 78.6150 | 6,282,364 | 
27 | JAMUNAOIL | 193.6 | 199.5 | 193 | 193.6 | 193.3 | 0.3 | 1,644 | 78.3940 | 400,899 | 
28 | SPCL | 43.9 | 45.7 | 43.8 | 43.9 | 44.2 | -0.3 | 1,653 | 72.2310 | 1,612,742 | 
29 | IPDC | 19.6 | 20.5 | 19.4 | 19.6 | 20 | -0.4 | 1,658 | 72.1980 | 3,628,038 | 
30 | CVOPRL | 146.4 | 151.5 | 145.2 | 146.4 | 146.4 | 0 | 2,325 | 67.4640 | 451,381 | 
31 | RAHIMAFOOD | 147 | 151.9 | 146 | 147 | 148.2 | -1.2 | 2,731 | 64.8160 | 436,274 | 
32 | LHB | 59.9 | 61.6 | 59.2 | 59.9 | 60.9 | -1 | 1,612 | 64.5620 | 1,074,232 | 
33 | BPPL | 15 | 15.4 | 14.9 | 15 | 15 | 0 | 1,472 | 63.6310 | 4,187,971 | 
34 | TITASGAS | 23 | 23.1 | 21.2 | 23 | 21 | 2 | 1,499 | 62.9720 | 2,746,536 | 
35 | NCCBANK | 12.9 | 13.2 | 12.8 | 12.9 | 13.1 | -0.2 | 572 | 62.8250 | 4,834,170 | 
36 | TILIL | 57.3 | 57.9 | 53.9 | 56.7 | 55.3 | 2 | 1,321 | 62.1210 | 1,120,924 | 
37 | KAY&QUE | 280.7 | 285 | 270 | 280.7 | 272.6 | 8.1 | 2,300 | 61.4370 | 220,282 | 
38 | MIDLANDBNK | 19.8 | 20.6 | 19.3 | 19.8 | 20.5 | -0.7 | 1,965 | 60.6320 | 3,034,101 | 
39 | EBL | 26.5 | 26.9 | 26.2 | 26.5 | 26.9 | -0.4 | 623 | 58.8080 | 2,207,707 | 
40 | SALVOCHEM | 26.2 | 28.1 | 26 | 26.2 | 26.6 | -0.4 | 1,644 | 57.6180 | 2,140,475 | 
41 | SAPORTL | 24.5 | 25.3 | 23.7 | 24.5 | 23.6 | 0.9 | 1,316 | 57.2160 | 2,333,040 | 
42 | GP | 317.2 | 322 | 316.3 | 317.2 | 318.5 | -1.3 | 1,300 | 56.9680 | 178,350 | 
43 | GPHISPAT | 20 | 20.3 | 19.7 | 20 | 19.6 | 0.4 | 1,694 | 56.4600 | 2,816,220 | 
44 | ITC | 41.7 | 43 | 41.4 | 41.7 | 42.1 | -0.4 | 1,319 | 55.2260 | 1,310,751 | 
45 | SPCERAMICS | 21 | 21.2 | 19.5 | 21 | 19.5 | 1.5 | 1,997 | 53.8910 | 2,628,196 | 
46 | ONEBANKPLC | 8.6 | 9 | 8.5 | 8.6 | 9 | -0.4 | 1,119 | 51.5470 | 5,934,816 | 
47 | STANDBANKL | 7.5 | 7.9 | 7.4 | 7.5 | 7.7 | -0.2 | 644 | 51.3750 | 6,685,516 | 
48 | NRBBANK | 9.4 | 9.9 | 9.3 | 9.4 | 9.9 | -0.5 | 1,425 | 51.1560 | 5,351,649 | 
49 | QUASEMIND | 42.1 | 42.9 | 41.3 | 42.1 | 41.2 | 0.9 | 1,355 | 50.6900 | 1,207,269 | 
50 | FINEFOODS | 262.5 | 263.3 | 258.3 | 262.5 | 262.3 | 0.2 | 625 | 48.4160 | 185,003 | 
51 | FEKDIL | 16.8 | 17.3 | 16.8 | 16.8 | 17.3 | -0.5 | 1,388 | 48.3100 | 2,848,876 | 
52 | UPGDCL | 142.1 | 145.3 | 138 | 142.1 | 138.6 | 3.5 | 1,537 | 47.8800 | 336,563 | 
53 | JHRML | 53.2 | 53.5 | 52 | 53.2 | 51.6 | 1.6 | 1,715 | 47.0070 | 889,167 | 
54 | MERCANBANK | 10.1 | 10.6 | 10.1 | 10.1 | 10.6 | -0.5 | 976 | 46.9360 | 4,556,830 | 
55 | CONFIDCEM | 58.3 | 59.8 | 58 | 58.3 | 58.6 | -0.3 | 1,554 | 46.8410 | 796,423 | 
56 | LOVELLO | 90.7 | 92.6 | 90 | 90.7 | 91.5 | -0.8 | 1,571 | 46.3270 | 508,999 | 
57 | BARKAPOWER | 11.5 | 11.8 | 11.3 | 11.5 | 11.2 | 0.3 | 1,394 | 45.7170 | 3,951,145 | 
58 | BDTHAIFOOD | 15.4 | 15.7 | 14.7 | 15.4 | 14.4 | 1 | 1,534 | 45.3830 | 2,947,337 | 
59 | BEACHHATCH | 46.4 | 47.2 | 46.3 | 46.4 | 46.7 | -0.3 | 1,561 | 44.6890 | 957,229 | 
60 | PADMAOIL | 204.6 | 208.2 | 203.3 | 204.6 | 203.2 | 1.4 | 1,005 | 44.6450 | 217,248 | 
61 | ACMELAB | 81.9 | 84.2 | 81.6 | 81.9 | 83.3 | -1.4 | 1,221 | 44.4400 | 536,261 | 
62 | TECHNODRUG | 32.3 | 33.3 | 32.1 | 32.3 | 32.3 | 0 | 1,208 | 43.8500 | 1,338,548 | 
63 | IDLC | 41 | 42.5 | 40.7 | 41 | 42.4 | -1.4 | 1,271 | 42.4780 | 1,020,846 | 
64 | INTRACO | 22 | 22.5 | 21.9 | 22 | 22.1 | -0.1 | 1,127 | 42.0890 | 1,898,228 | 
65 | KARNAPHULI | 32.4 | 33 | 31.1 | 32.4 | 31.9 | 0.5 | 1,217 | 40.5350 | 1,276,495 | 
66 | UCB | 11 | 11.7 | 10.9 | 11 | 11.6 | -0.6 | 976 | 40.1030 | 3,592,527 | 
67 | AIL | 46.8 | 48.7 | 46.6 | 46.8 | 48.1 | -1.3 | 1,540 | 39.7960 | 840,368 | 
68 | EIL | 34.3 | 35.1 | 33.6 | 34.3 | 33.7 | 0.6 | 1,680 | 39.7080 | 1,154,197 | 
69 | RENATA | 510.7 | 514 | 510.4 | 510.7 | 511.9 | -1.2 | 1,383 | 38.2410 | 74,779 | 
70 | EASTRNLUB | 2 | 2,678 | 2,603.5 | 2,622.6 | 2 | -34.9 | 2,018 | 38.0520 | 14,425 | 
71 | ACI | 200.8 | 204.8 | 199.1 | 200.8 | 200.8 | 0 | 1,274 | 35.9030 | 177,493 | 
72 | MIRAKHTER | 28.2 | 28.6 | 27.8 | 28.2 | 27.8 | 0.4 | 962 | 35.6180 | 1,261,601 | 
73 | AGNISYSL | 26.4 | 26.6 | 26.3 | 26.4 | 26.3 | 0.1 | 840 | 35.3400 | 1,338,110 | 
74 | DOMINAGE | 13.2 | 13.4 | 13.1 | 13.2 | 13 | 0.2 | 608 | 34.7820 | 2,635,720 | 
75 | SAIHAMCOT | 14.4 | 15 | 14.4 | 14.4 | 14.7 | -0.3 | 513 | 34.5520 | 2,366,845 | 
76 | POPULARLIF | 48.9 | 49.5 | 48.2 | 48.9 | 48.1 | 0.8 | 1,013 | 34.2830 | 701,268 | 
77 | MEGHNALIFE | 57.3 | 59.3 | 56.6 | 57.3 | 58 | -0.7 | 1,053 | 33.7360 | 582,062 | 
78 | BSRMLTD | 92.9 | 96.8 | 91.2 | 92.9 | 91.2 | 1.7 | 1,334 | 33.0690 | 353,613 | 
79 | SONALIANSH | 187.6 | 191.6 | 187 | 187.6 | 186.7 | 0.9 | 1,669 | 33.0040 | 173,759 | 
80 | SOUTHEASTB | 10.5 | 10.7 | 10.2 | 10.5 | 10.7 | -0.2 | 701 | 32.9430 | 3,160,613 | 
81 | HAKKANIPUL | 68.3 | 69.3 | 67 | 68.3 | 66.9 | 1.4 | 961 | 31.6210 | 461,808 | 
82 | MPETROLEUM | 215 | 218.8 | 214.5 | 215 | 215 | 0 | 868 | 31.5690 | 145,718 | 
83 | APEXSPINN | 143.2 | 146 | 141.7 | 143.2 | 145.1 | -1.9 | 1,152 | 31.5650 | 220,732 | 
84 | DOREENPWR | 27.1 | 27.9 | 26 | 27.1 | 26.7 | 0.4 | 1,050 | 30.1750 | 1,110,578 | 
85 | SINGERBD | 108.8 | 110.6 | 108.3 | 108.8 | 108.2 | 0.6 | 1,027 | 30.1570 | 274,932 | 
86 | POWERGRID | 34.3 | 35.5 | 33.3 | 34.3 | 33.2 | 1.1 | 1,197 | 30.1030 | 865,021 | 
87 | CENTRALINS | 40.3 | 42.3 | 39.9 | 40.3 | 42 | -1.7 | 512 | 28.9730 | 713,706 | 
88 | MAGURAPLEX | 90.3 | 92 | 90.1 | 90.3 | 90.7 | -0.4 | 1,115 | 28.9010 | 316,720 | 
89 | DELTALIFE | 74.9 | 76 | 74.4 | 74.9 | 74.4 | 0.5 | 1,037 | 27.9900 | 371,999 | 
90 | KTL | 12.1 | 12.4 | 11.8 | 11.9 | 12.3 | -0.2 | 724 | 27.8320 | 2,313,563 | 
91 | SEAPEARL | 51.7 | 53.3 | 51.6 | 51.7 | 52.1 | -0.4 | 1,099 | 27.7470 | 530,527 | 
92 | RUPALIBANK | 23.2 | 24.3 | 23.1 | 23.2 | 24.2 | -1 | 908 | 27.3890 | 1,163,267 | 
93 | IFIC | 6.8 | 7 | 6.7 | 6.8 | 6.9 | -0.1 | 799 | 27.3510 | 3,999,309 | 
94 | NHFIL | 26.1 | 27 | 25.8 | 26.1 | 26.1 | 0 | 737 | 26.6490 | 1,004,941 | 
95 | SUMITPOWER | 15.1 | 15.5 | 14.7 | 15.1 | 14.7 | 0.4 | 754 | 26.6470 | 1,749,700 | 
96 | SEMLLECMF | 8.2 | 8.6 | 7.6 | 8.2 | 8 | 0.2 | 891 | 26.5650 | 3,250,802 | 
97 | BESTHLDNG | 16.4 | 16.8 | 16.3 | 16.4 | 16.4 | 0 | 950 | 26.4830 | 1,598,408 | 
98 | IFADAUTOS | 24.1 | 24.8 | 23.7 | 24.1 | 23.6 | 0.5 | 646 | 25.9640 | 1,062,989 | 
99 | 1STPRIMFMF | 22 | 22.4 | 21.5 | 22 | 21.6 | 0.4 | 881 | 25.9010 | 1,174,095 | 
100 | SALAMCRST | 20.4 | 20.6 | 19.6 | 20.4 | 19.4 | 1 | 1,001 | 25.8980 | 1,283,049 | 
101 | SAMATALETH | 78.1 | 79.5 | 71.9 | 78.1 | 73.3 | 4.8 | 1,070 | 25.7970 | 343,409 | 
102 | RDFOOD | 24 | 24.5 | 23.8 | 24 | 23.7 | 0.3 | 650 | 25.5500 | 1,059,715 | 
103 | MONOSPOOL | 103.8 | 107.3 | 103.1 | 103.8 | 105.5 | -1.7 | 1,122 | 25.0180 | 237,521 | 
104 | DSSL | 10.6 | 11.1 | 10.6 | 10.6 | 11 | -0.4 | 863 | 25.0030 | 2,316,372 | 
105 | SHAHJABANK | 18.7 | 19 | 18.4 | 18.7 | 19 | -0.3 | 291 | 23.9570 | 1,280,655 | 
106 | OIMEX | 24.5 | 25 | 24.3 | 24.5 | 24.7 | -0.2 | 634 | 23.5430 | 958,720 | 
107 | KDSALTD | 41.1 | 42 | 41 | 41.1 | 41.2 | -0.1 | 687 | 22.8540 | 551,511 | 
108 | DUTCHBANGL | 45.4 | 47 | 45.3 | 45.4 | 46.4 | -1 | 630 | 22.7220 | 495,205 | 
109 | IBP | 13.4 | 13.8 | 13.3 | 13.4 | 13.7 | -0.3 | 711 | 22.3760 | 1,654,635 | 
110 | RECKITTBEN | 3 | 3,488.9 | 3,437 | 3,444.5 | 3 | 0.9 | 672 | 22.2560 | 6,456 | 
111 | MARICO | 2 | 2,999 | 2,952 | 2,987.6 | 2 | 31.9 | 447 | 22.1990 | 7,432 | 
112 | PREMIERBAN | 7.7 | 8.1 | 7.6 | 7.7 | 8 | -0.3 | 424 | 21.6460 | 2,789,939 | 
113 | ACMEPL | 14.8 | 15.4 | 14.6 | 14.8 | 15.1 | -0.3 | 695 | 21.4050 | 1,435,776 | 
114 | MTB | 13.4 | 13.9 | 13.4 | 13.4 | 13.8 | -0.4 | 465 | 21.0130 | 1,546,244 | 
115 | SUNLIFEINS | 52.8 | 54 | 52.5 | 52.8 | 53.3 | -0.5 | 768 | 20.9270 | 394,330 | 
116 | RUPALILIFE | 85.1 | 86.9 | 84.5 | 85.1 | 84.6 | 0.5 | 967 | 20.8800 | 243,463 | 
117 | CAPITECGBF | 7.6 | 7.9 | 7.6 | 7.6 | 7.6 | 0 | 464 | 20.5100 | 2,644,178 | 
118 | NTLTUBES | 82.9 | 84 | 82.3 | 82.9 | 82.1 | 0.8 | 1,056 | 20.3340 | 244,521 | 
119 | PRIMEINSUR | 37.2 | 37.9 | 35.5 | 37.2 | 35.1 | 2.1 | 777 | 20.1640 | 548,700 | 
120 | CITYGENINS | 51.3 | 51.6 | 49.9 | 51.3 | 49.9 | 1.4 | 429 | 19.8040 | 390,073 | 
121 | NPOLYMER | 31.7 | 32.2 | 31 | 31.7 | 31 | 0.7 | 723 | 19.7700 | 622,772 | 
122 | INDEXAGRO | 72.1 | 73 | 68.1 | 72.1 | 68.8 | 3.3 | 982 | 19.7090 | 278,911 | 
123 | DBH | 40.1 | 41.5 | 40 | 40.1 | 40.9 | -0.8 | 568 | 19.2310 | 475,782 | 
124 | UNIQUEHRL | 40 | 41.2 | 39.8 | 40 | 40.4 | -0.4 | 733 | 19.1900 | 474,517 | 
125 | BANGAS | 110.1 | 114.4 | 109.5 | 110.1 | 111.9 | -1.8 | 1,049 | 19.1200 | 171,544 | 
126 | ABBANK | 6.8 | 7.1 | 6.8 | 6.8 | 7 | -0.2 | 647 | 19.0000 | 2,752,599 | 
127 | LINDEBD | 961.7 | 984 | 955 | 961.7 | 979.4 | -17.7 | 979 | 18.9530 | 19,429 | 
128 | ICBSONALI1 | 5.9 | 6 | 5.8 | 5.9 | 5.9 | 0 | 347 | 18.8940 | 3,203,727 | 
129 | EGEN | 21.3 | 22 | 21.2 | 21.3 | 21.7 | -0.4 | 682 | 18.8720 | 879,183 | 
130 | SINOBANGLA | 42.9 | 43.8 | 42.7 | 42.9 | 42.8 | 0.1 | 652 | 18.6870 | 431,858 | 
131 | GRAMEENS2 | 14.4 | 14.8 | 14.3 | 14.4 | 14.5 | -0.1 | 400 | 18.6710 | 1,286,869 | 
132 | IBNSINA | 315.1 | 319 | 313.6 | 315.1 | 316.3 | -1.2 | 542 | 18.5910 | 58,932 | 
133 | BDTHAI | 12.9 | 13.3 | 12.8 | 12.9 | 12.8 | 0.1 | 511 | 18.5760 | 1,427,761 | 
134 | MONNOCERA | 88.7 | 90 | 88 | 88.7 | 88.1 | 0.6 | 660 | 18.0330 | 202,733 | 
135 | GHAIL | 12.8 | 13.2 | 12.7 | 12.8 | 12.9 | -0.1 | 522 | 17.6270 | 1,358,792 | 
136 | NATLIFEINS | 104.1 | 106.4 | 103.1 | 104.1 | 104.9 | -0.8 | 670 | 17.6050 | 168,175 | 
137 | FUWANGFOOD | 15.2 | 15.5 | 15.2 | 15.2 | 15.1 | 0.1 | 649 | 17.5610 | 1,144,508 | 
138 | ADNTEL | 76.9 | 79.3 | 76.4 | 76.9 | 78.1 | -1.2 | 695 | 17.5500 | 224,600 | 
139 | BEACONPHAR | 113.2 | 116 | 112.7 | 113.2 | 114.4 | -1.2 | 708 | 15.7830 | 137,815 | 
140 | ARGONDENIM | 17.6 | 18.2 | 17.5 | 17.6 | 18.2 | -0.6 | 364 | 15.5360 | 874,196 | 
141 | MATINSPINN | 50.5 | 51.6 | 50.2 | 50.5 | 51.6 | -1.1 | 615 | 15.2030 | 299,468 | 
142 | DSHGARME | 113.2 | 119 | 111.9 | 113.2 | 116.7 | -3.5 | 1,244 | 15.0000 | 130,944 | 
143 | ORIONPHARM | 31.9 | 32.3 | 31.7 | 31.9 | 32.3 | -0.4 | 493 | 14.8450 | 464,197 | 
144 | ICB | 49.5 | 50.9 | 49.3 | 49.5 | 49.7 | -0.2 | 725 | 14.7890 | 295,737 | 
145 | NAHEEACP | 21.3 | 21.7 | 21 | 21.3 | 21.3 | 0 | 501 | 14.0830 | 659,942 | 
146 | MONNOAGML | 358.3 | 363 | 353.1 | 358.3 | 352.4 | 5.9 | 818 | 14.0510 | 39,394 | 
147 | UNITEDFIN | 13.4 | 13.8 | 13.3 | 13.3 | 13.5 | -0.1 | 331 | 13.9820 | 1,035,246 | 
148 | RUNNERAUTO | 28.8 | 29 | 28.3 | 28.8 | 28.2 | 0.6 | 499 | 13.9420 | 485,828 | 
149 | PHARMAID | 602.5 | 611.2 | 594.1 | 602.5 | 597.5 | 5 | 783 | 13.7820 | 22,920 | 
150 | SQUARETEXT | 55 | 56.9 | 54.9 | 55 | 56.4 | -1.4 | 507 | 13.7150 | 246,965 | 
151 | AFTABAUTO | 35.3 | 36.4 | 34.9 | 35.3 | 35.1 | 0.2 | 598 | 13.7040 | 381,511 | 
152 | SIMTEX | 16.8 | 17.3 | 16.7 | 16.8 | 17.1 | -0.3 | 594 | 13.6390 | 805,317 | 
153 | PROVATIINS | 34.2 | 35 | 33.6 | 34.2 | 33.9 | 0.3 | 494 | 13.6160 | 397,135 | 
154 | KOHINOOR | 514 | 514.8 | 510.5 | 512.6 | 511.1 | 2.9 | 1,017 | 13.5050 | 26,327 | 
155 | ENVOYTEX | 44.5 | 46.4 | 44 | 44.5 | 46.1 | -1.6 | 545 | 13.5030 | 298,671 | 
156 | PRAGATILIF | 106.5 | 109.2 | 105.4 | 106.5 | 106.2 | 0.3 | 695 | 13.2060 | 122,200 | 
157 | CRYSTALINS | 45.6 | 46.3 | 45.1 | 45.6 | 45.4 | 0.2 | 485 | 12.7780 | 280,030 | 
158 | MHSML | 15.8 | 16.2 | 15.7 | 15.8 | 15.8 | 0 | 304 | 12.4780 | 785,299 | 
159 | FIRSTSBANK | 3.9 | 4.1 | 3.9 | 3.9 | 4.1 | -0.2 | 483 | 12.4370 | 3,121,903 | 
160 | GQBALLPEN | 231.4 | 237 | 224.2 | 231.4 | 225.5 | 5.9 | 916 | 12.4050 | 53,497 | 
161 | FUWANGCER | 13.4 | 13.6 | 13.3 | 13.4 | 13.4 | 0 | 473 | 12.0040 | 893,767 | 
162 | ABB1STMF | 3.7 | 3.9 | 3.7 | 3.7 | 3.8 | -0.1 | 179 | 11.9040 | 3,167,126 | 
163 | RAKCERAMIC | 23.3 | 23.7 | 22.9 | 23.3 | 23.3 | 0 | 932 | 11.6570 | 499,707 | 
164 | GEMINISEA | 149.8 | 153 | 149.6 | 149.8 | 149.3 | 0.5 | 660 | 11.6220 | 77,075 | 
165 | SHEPHERD | 17.7 | 18 | 17.4 | 17.7 | 17.7 | 0 | 313 | 11.3470 | 641,427 | 
166 | SAMORITA | 66.3 | 67.1 | 64.8 | 66.3 | 65.6 | 0.7 | 601 | 11.2100 | 169,888 | 
167 | RELIANCE1 | 17 | 17.1 | 16.7 | 17 | 17 | 0 | 250 | 11.1810 | 658,926 | 
168 | SONARGAON | 33.6 | 34.5 | 33.5 | 33.6 | 34.1 | -0.5 | 525 | 11.1050 | 328,162 | 
169 | BSRMSTEEL | 68.2 | 70 | 67.6 | 68.2 | 69.4 | -1.2 | 522 | 10.4840 | 152,894 | 
170 | MIRACLEIND | 29.8 | 30.3 | 28.7 | 29.8 | 29.5 | 0.3 | 574 | 10.3200 | 348,267 | 
171 | EPGL | 17.4 | 17.8 | 17.2 | 17.4 | 17.3 | 0.1 | 582 | 10.2760 | 586,048 | 
172 | STYLECRAFT | 69.9 | 71.3 | 69.5 | 69.9 | 70.8 | -0.9 | 669 | 10.2660 | 146,062 | 
173 | SILCOPHL | 15.3 | 15.4 | 15 | 15.3 | 15.1 | 0.2 | 288 | 10.2350 | 671,336 | 
174 | SONARBAINS | 27.5 | 28.3 | 27.3 | 27.5 | 28.1 | -0.6 | 463 | 10.1770 | 368,570 | 
175 | TOSRIFA | 19.6 | 20.3 | 19.3 | 19.6 | 20.2 | -0.6 | 468 | 10.1700 | 513,900 | 
176 | AL-HAJTEX | 129.6 | 132.8 | 128 | 128.4 | 130.7 | -1.1 | 394 | 10.0830 | 77,883 | 
177 | AMANFEED | 24.7 | 25.3 | 24.6 | 24.7 | 24.9 | -0.2 | 352 | 10.0370 | 402,582 | 
178 | SBACBANK | 8.6 | 9.2 | 8.6 | 8.6 | 9.1 | -0.5 | 326 | 9.7890 | 1,125,276 | 
179 | MLDYEING | 9.8 | 10 | 9.7 | 9.8 | 9.9 | -0.1 | 387 | 9.7840 | 996,830 | 
180 | LEGACYFOOT | 58.4 | 59.4 | 58.3 | 58.4 | 58.3 | 0.1 | 585 | 9.7550 | 165,921 | 
181 | UNIONINS | 35.9 | 36.8 | 35.5 | 35.9 | 36.6 | -0.7 | 516 | 9.6180 | 266,092 | 
182 | MEGHNAINS | 26.4 | 26.6 | 26 | 26.3 | 26.1 | 0.3 | 389 | 9.0310 | 343,924 | 
183 | RAHIMTEXT | 160.1 | 163 | 158.9 | 160.1 | 159.6 | 0.5 | 610 | 9.0230 | 56,202 | 
184 | FARCHEM | 23.7 | 24.8 | 23 | 23.7 | 24.3 | -0.6 | 348 | 8.8750 | 369,619 | 
185 | GOLDENSON | 11.6 | 11.9 | 11.6 | 11.6 | 11.7 | -0.1 | 398 | 8.8290 | 753,696 | 
186 | UNIONBANK | 2.9 | 3 | 2.8 | 2.9 | 3 | -0.1 | 381 | 8.8250 | 3,041,676 | 
187 | GLOBALINS | 28.4 | 29.2 | 28.2 | 28.4 | 28.5 | -0.1 | 306 | 8.8130 | 308,797 | 
188 | WALTONHIL | 452.7 | 465 | 450.1 | 452.7 | 461.5 | -8.8 | 670 | 8.7750 | 19,226 | 
189 | PEOPLESINS | 35.6 | 35.6 | 34.6 | 35.2 | 35 | 0.6 | 444 | 8.7560 | 249,947 | 
190 | EXIMBANK | 6.2 | 6.4 | 6.2 | 6.2 | 6.4 | -0.2 | 326 | 8.7430 | 1,395,695 | 
191 | QUEENSOUTH | 13.1 | 13.5 | 13 | 13.1 | 13.3 | -0.2 | 318 | 8.7050 | 662,264 | 
192 | APEXFOOT | 220.8 | 224.5 | 220.1 | 220.8 | 221.8 | -1 | 347 | 8.6930 | 39,324 | 
193 | ETL | 9 | 9.3 | 9 | 9 | 9.3 | -0.3 | 402 | 8.6600 | 948,977 | 
194 | CLICL | 46.5 | 46.7 | 44.9 | 46.5 | 44.7 | 1.8 | 461 | 8.2060 | 178,145 | 
195 | SANDHANINS | 21.8 | 22 | 21.7 | 21.7 | 21.8 | 0 | 300 | 8.1490 | 374,249 | 
196 | ALARABANK | 18.5 | 19 | 18.4 | 18.5 | 19.2 | -0.7 | 325 | 8.1480 | 435,803 | 
197 | MONNOFABR | 14.1 | 14.3 | 14 | 14.1 | 14.2 | -0.1 | 350 | 8.1100 | 573,877 | 
198 | PIONEERINS | 44.2 | 45.4 | 44.1 | 44.2 | 44.8 | -0.6 | 363 | 7.7500 | 174,283 | 
199 | SHASHADNIM | 18.5 | 19.6 | 18.5 | 18.5 | 18.7 | -0.2 | 231 | 7.6390 | 409,324 | 
200 | COPPERTECH | 21.7 | 22.6 | 21.6 | 21.7 | 22.4 | -0.7 | 359 | 7.5580 | 343,076 | 
201 | BENGALWTL | 19 | 19.1 | 18.6 | 18.9 | 18.7 | 0.3 | 355 | 7.5450 | 401,478 | 
202 | NRBCBANK | 7.3 | 7.5 | 7.2 | 7.3 | 7.5 | -0.2 | 241 | 7.4650 | 1,022,496 | 
203 | BDLAMPS | 137.2 | 143 | 136.6 | 137.2 | 138.8 | -1.6 | 510 | 7.3160 | 52,419 | 
204 | FEDERALINS | 21.7 | 22 | 21.4 | 21.7 | 21.6 | 0.1 | 295 | 7.3010 | 334,418 | 
205 | HRTEX | 27.7 | 28.2 | 27.6 | 27.7 | 28.3 | -0.6 | 354 | 7.2000 | 258,447 | 
206 | DESHBANDHU | 18.8 | 19.2 | 18.7 | 18.8 | 18.7 | 0.1 | 337 | 7.1250 | 377,379 | 
207 | LIBRAINFU | 776.2 | 785 | 775 | 776.2 | 777.1 | -0.9 | 485 | 7.1200 | 9,155 | 
208 | BPML | 33.9 | 34 | 33.4 | 33.9 | 33.3 | 0.6 | 418 | 7.1010 | 210,503 | 
209 | DBH1STMF | 6.2 | 6.3 | 6.1 | 6.2 | 6.2 | 0 | 51 | 7.0220 | 1,133,022 | 
210 | BBSCABLES | 16.6 | 16.9 | 16.5 | 16.6 | 16.5 | 0.1 | 402 | 6.9290 | 414,391 | 
211 | SIPLC | 48.7 | 49.1 | 47.7 | 48 | 48.8 | -0.1 | 324 | 6.9170 | 143,227 | 
212 | BBS | 10.9 | 11.1 | 10.8 | 10.9 | 10.9 | 0 | 264 | 6.8960 | 630,886 | 
213 | GLDNJMF | 7.7 | 7.8 | 7.6 | 7.7 | 7.5 | 0.2 | 192 | 6.8770 | 894,275 | 
214 | WATACHEM | 124.8 | 127.8 | 124.4 | 124.8 | 122.2 | 2.6 | 412 | 6.8520 | 54,386 | 
215 | SAIFPOWER | 6.9 | 7.1 | 6.9 | 6.9 | 7 | -0.1 | 319 | 6.5040 | 934,901 | 
216 | ACIFORMULA | 138.3 | 142 | 138.3 | 138.7 | 139.7 | -1.4 | 314 | 6.4190 | 45,838 | 
217 | RUPALIINS | 22.1 | 22.5 | 22 | 22.1 | 22.3 | -0.2 | 270 | 6.4180 | 288,840 | 
218 | DGIC | 23 | 23.7 | 22.8 | 23 | 22.9 | 0.1 | 357 | 6.4150 | 276,646 | 
219 | ICICL | 22.3 | 22.8 | 22.2 | 22.3 | 22.7 | -0.4 | 325 | 6.3740 | 283,897 | 
220 | ACTIVEFINE | 9.1 | 9.2 | 8.6 | 9.1 | 8.5 | 0.6 | 308 | 6.3030 | 706,134 | 
221 | DESCO | 26.1 | 26.8 | 25.3 | 26.1 | 25.1 | 1 | 393 | 6.2750 | 239,012 | 
222 | UNITEDINS | 41.3 | 41.4 | 40 | 41.2 | 40.6 | 0.7 | 283 | 6.2740 | 153,586 | 
223 | INTECH | 21.1 | 21.4 | 20.7 | 20.8 | 21 | 0.1 | 235 | 6.0900 | 289,961 | 
224 | ANWARGALV | 68.7 | 69.9 | 68.5 | 68.7 | 68.7 | 0 | 395 | 5.9710 | 86,553 | 
225 | PTL | 48.1 | 50 | 48 | 48.2 | 49.2 | -1.1 | 284 | 5.9090 | 120,815 | 
226 | CENTRALPHL | 11 | 11.3 | 10.9 | 11 | 11.1 | -0.1 | 322 | 5.8580 | 531,712 | 
227 | RANFOUNDRY | 158.5 | 161.2 | 155.7 | 158.5 | 155.3 | 3.2 | 233 | 5.7590 | 36,137 | 
228 | BDCOM | 24.2 | 24.6 | 24.1 | 24.2 | 24.3 | -0.1 | 250 | 5.6860 | 234,026 | 
229 | SAFKOSPINN | 13.8 | 13.9 | 13.2 | 13.8 | 13.6 | 0.2 | 305 | 5.5800 | 408,186 | 
230 | DAFODILCOM | 53.5 | 54.5 | 53.3 | 53.5 | 54.1 | -0.6 | 393 | 5.5800 | 103,799 | 
231 | NBL | 3.8 | 4 | 3.7 | 3.8 | 3.8 | 0 | 193 | 5.5340 | 1,453,058 | 
232 | RELIANCINS | 61.8 | 62.8 | 61 | 61.3 | 62.3 | -0.5 | 283 | 5.5210 | 89,407 | 
233 | KPPL | 17.4 | 17.8 | 17.3 | 17.4 | 17.4 | 0 | 419 | 5.5110 | 314,524 | 
234 | BERGERPBL | 1 | 1,580 | 1,560.1 | 1,569.9 | 1 | -6.5 | 283 | 5.4770 | 3,485 | 
235 | SICL | 21.6 | 21.8 | 21.2 | 21.5 | 21.1 | 0.5 | 304 | 5.4160 | 251,536 | 
236 | GENEXIL | 24 | 24.7 | 23.9 | 24 | 24.5 | -0.5 | 358 | 5.3720 | 221,279 | 
237 | AAMRANET | 18.5 | 18.8 | 18.4 | 18.5 | 18.6 | -0.1 | 205 | 5.0940 | 273,835 | 
238 | STANDARINS | 43 | 43.7 | 42.5 | 43 | 42.6 | 0.4 | 204 | 4.9790 | 116,026 | 
239 | BATASHOE | 861.1 | 880 | 860.2 | 864.4 | 875.9 | -14.8 | 298 | 4.9630 | 5,723 | 
240 | SAIHAMTEX | 14.5 | 14.8 | 14.4 | 14.5 | 14.8 | -0.3 | 242 | 4.9370 | 339,381 | 
241 | ECABLES | 119.8 | 123 | 115.2 | 119.8 | 115.4 | 4.4 | 468 | 4.8610 | 40,540 | 
242 | ESQUIRENIT | 22.5 | 23.3 | 22.4 | 22.5 | 23.1 | -0.6 | 208 | 4.5850 | 202,072 | 
243 | HEIDELBCEM | 247.5 | 252 | 247 | 247.5 | 249.2 | -1.7 | 246 | 4.5660 | 18,333 | 
244 | AMBEEPHA | 810 | 826.8 | 807.4 | 810 | 815.5 | -5.5 | 307 | 4.5590 | 5,606 | 
245 | TAMIJTEX | 120.5 | 124.8 | 119.1 | 120.5 | 123.4 | -2.9 | 284 | 4.5450 | 37,507 | 
246 | EMERALDOIL | 21.1 | 21.6 | 20.9 | 21.1 | 21.3 | -0.2 | 328 | 4.5240 | 213,779 | 
247 | ALIF | 5.8 | 5.9 | 5.7 | 5.8 | 5.8 | 0 | 222 | 4.5200 | 783,700 | 
248 | SONALILIFE | 59.9 | 60.9 | 56.3 | 59.9 | 57.3 | 2.6 | 302 | 4.4390 | 74,279 | 
249 | FORTUNE | 16.1 | 16.2 | 16 | 16.1 | 16 | 0.1 | 236 | 4.2870 | 266,628 | 
250 | EASTERNINS | 46 | 47.3 | 45.5 | 46 | 46.7 | -0.7 | 193 | 4.2180 | 91,341 | 
251 | BNICL | 41.4 | 42 | 41.1 | 41.4 | 41.6 | -0.2 | 147 | 4.1650 | 100,534 | 
252 | AMCL(PRAN) | 238.1 | 244.7 | 238 | 238.1 | 236 | 2.1 | 237 | 4.1270 | 17,175 | 
253 | APEXFOODS | 220.7 | 225 | 219 | 220.7 | 221.8 | -1.1 | 245 | 4.1060 | 18,577 | 
254 | ARAMIT | 192.3 | 195.8 | 191.9 | 192.3 | 193.9 | -1.6 | 392 | 4.0070 | 20,742 | 
255 | SILVAPHL | 10.7 | 10.9 | 10.6 | 10.7 | 10.6 | 0.1 | 142 | 3.9340 | 366,956 | 
256 | PARAMOUNT | 40.2 | 41.6 | 39.8 | 40.2 | 40.6 | -0.4 | 180 | 3.9090 | 96,714 | 
257 | PREMIERCEM | 47.3 | 48.5 | 47.2 | 47.3 | 48.5 | -1.2 | 332 | 3.8000 | 79,873 | 
258 | EXIM1STMF | 4.7 | 4.7 | 4.6 | 4.7 | 4.7 | 0 | 133 | 3.7530 | 800,632 | 
259 | BDFINANCE | 11.1 | 11.3 | 11 | 11.2 | 11 | 0.1 | 91 | 3.7230 | 332,966 | 
260 | BDAUTOCA | 105.5 | 108.8 | 104.8 | 105.5 | 106.1 | -0.6 | 233 | 3.6580 | 34,434 | 
261 | EASTLAND | 19.4 | 19.8 | 19.2 | 19.3 | 19.5 | -0.1 | 253 | 3.6320 | 187,352 | 
262 | CONTININS | 24.3 | 24.8 | 24 | 24.3 | 24.4 | -0.1 | 206 | 3.5310 | 145,275 | 
263 | ZAHEENSPIN | 6.9 | 7.2 | 6.9 | 6.9 | 7 | -0.1 | 159 | 3.5000 | 498,576 | 
264 | MAKSONSPIN | 7.1 | 7.4 | 7 | 7.1 | 7.3 | -0.2 | 245 | 3.4910 | 487,939 | 
265 | REPUBLIC | 29 | 30.1 | 28.8 | 29.1 | 29.7 | -0.7 | 172 | 3.4250 | 117,154 | 
266 | JMISMDL | 143.8 | 145.8 | 143.5 | 143.8 | 143.7 | 0.1 | 211 | 3.3460 | 23,241 | 
267 | SHARPIND | 17.8 | 18.2 | 17.6 | 17.8 | 17.8 | 0 | 189 | 3.3400 | 187,325 | 
268 | SSSTEEL | 5.8 | 6 | 5.8 | 5.8 | 5.9 | -0.1 | 198 | 3.3270 | 568,137 | 
269 | CAPMIBBLMF | 8.7 | 9.1 | 8.7 | 8.7 | 8.8 | -0.1 | 124 | 3.2750 | 371,860 | 
270 | PRIMEFIN | 4.1 | 4.2 | 4 | 4.1 | 4.2 | -0.1 | 75 | 3.0880 | 763,272 | 
271 | ASIAINS | 27.6 | 28 | 27 | 27.1 | 26.8 | 0.8 | 176 | 3.0810 | 112,345 | 
272 | AOL | 15.1 | 15.4 | 15.1 | 15.1 | 15.3 | -0.2 | 117 | 3.0540 | 201,149 | 
273 | ICBAGRANI1 | 7.7 | 7.8 | 7.2 | 7.7 | 7.3 | 0.4 | 180 | 2.9430 | 392,225 | 
274 | GREENDELMF | 4.2 | 4.3 | 4.2 | 4.2 | 4.2 | 0 | 32 | 2.9170 | 693,079 | 
275 | ICB3RDNRB | 5 | 5.1 | 4.9 | 5 | 4.9 | 0.1 | 81 | 2.9050 | 581,026 | 
276 | UNILEVERCL | 2 | 2,530 | 2,498.3 | 2,515.8 | 2 | 17.1 | 95 | 2.8700 | 1,140 | 
277 | NITOLINS | 27.3 | 27.9 | 27 | 27.3 | 27.2 | 0.1 | 118 | 2.7800 | 102,193 | 
278 | ASIAPACINS | 33.8 | 34.5 | 33.7 | 33.9 | 33.9 | -0.1 | 116 | 2.7570 | 81,285 | 
279 | GIB | 3 | 3.2 | 3 | 3 | 3.1 | -0.1 | 212 | 2.6390 | 854,222 | 
280 | ISNLTD | 42.1 | 43.2 | 41.8 | 42.1 | 42.4 | -0.3 | 200 | 2.5540 | 60,179 | 
281 | GHCL | 20 | 20.8 | 19.7 | 20 | 20.2 | -0.2 | 179 | 2.5540 | 127,613 | 
282 | LRBDL | 14.2 | 14.6 | 14.2 | 14.2 | 14.2 | 0 | 132 | 2.4940 | 174,356 | 
283 | DACCADYE | 16.3 | 16.9 | 16.3 | 16.3 | 16.6 | -0.3 | 103 | 2.4860 | 152,104 | 
284 | NEWLINE | 7 | 7.2 | 6.9 | 7 | 7 | 0 | 163 | 2.4650 | 353,298 | 
285 | AGRANINS | 26 | 26.8 | 25.9 | 26 | 26.4 | -0.4 | 187 | 2.4260 | 92,935 | 
286 | PF1STMF | 5.5 | 5.6 | 5.5 | 5.5 | 5.5 | 0 | 95 | 2.3940 | 430,600 | 
287 | KPCL | 10.9 | 11.1 | 10.9 | 10.9 | 10.9 | 0 | 150 | 2.3940 | 218,294 | 
288 | AIBL1STIMF | 5.7 | 5.7 | 5.6 | 5.6 | 5.6 | 0.1 | 113 | 2.3180 | 413,778 | 
289 | 1JANATAMF | 3.5 | 3.6 | 3.4 | 3.5 | 3.5 | 0 | 96 | 2.2940 | 660,296 | 
290 | GREENDELT | 49.4 | 50.1 | 49.1 | 49.4 | 50 | -0.6 | 128 | 2.2460 | 45,149 | 
291 | OAL | 7.3 | 7.5 | 7.3 | 7.3 | 7.3 | 0 | 133 | 2.2270 | 303,058 | 
292 | JANATAINS | 25.2 | 26.5 | 25.2 | 25.4 | 25.5 | -0.3 | 107 | 2.2200 | 86,713 | 
293 | PROGRESLIF | 49 | 51.5 | 48.6 | 49.3 | 50.3 | -1.3 | 165 | 2.0880 | 41,781 | 
294 | CAPMBDBLMF | 9.5 | 9.6 | 9.3 | 9.5 | 9.4 | 0.1 | 168 | 2.0780 | 218,448 | 
295 | BGIC | 32.5 | 33.6 | 32.4 | 32.5 | 32.5 | 0 | 163 | 1.9820 | 60,580 | 
296 | ACFL | 19 | 19.5 | 18.9 | 19 | 19.3 | -0.3 | 116 | 1.8910 | 99,710 | 
297 | DHAKAINS | 38 | 39 | 37.8 | 38 | 37.8 | 0.2 | 150 | 1.8390 | 48,234 | 
298 | SIBL | 8.1 | 8.3 | 8 | 8.1 | 8.3 | -0.2 | 117 | 1.8050 | 221,599 | 
299 | WMSHIPYARD | 8.7 | 9.1 | 8.7 | 8.7 | 8.9 | -0.2 | 156 | 1.7980 | 203,502 | 
300 | FBFIF | 3.6 | 3.7 | 3.6 | 3.6 | 3.7 | -0.1 | 93 | 1.7650 | 490,000 | 
301 | RINGSHINE | 3 | 3.1 | 3 | 3 | 3 | 0 | 80 | 1.7320 | 569,073 | 
302 | FASFIN | 2.8 | 3 | 2.8 | 2.8 | 2.9 | -0.1 | 110 | 1.7240 | 615,400 | 
303 | APEXTANRY | 69.5 | 71 | 69.5 | 69.8 | 69.9 | -0.4 | 162 | 1.7160 | 24,475 | 
304 | TRUSTB1MF | 3.8 | 3.9 | 3.7 | 3.7 | 3.8 | 0 | 77 | 1.5800 | 424,393 | 
305 | HAMI | 97 | 100 | 96.9 | 97 | 97.2 | -0.2 | 205 | 1.5770 | 16,118 | 
306 | ISLAMICFIN | 8.8 | 8.8 | 8.6 | 8.7 | 8.7 | 0.1 | 82 | 1.5430 | 177,840 | 
307 | CNATEX | 3.2 | 3.4 | 3.2 | 3.2 | 3.4 | -0.2 | 75 | 1.5200 | 463,858 | 
308 | ADVENT | 15.4 | 16 | 15.3 | 15.4 | 15.3 | 0.1 | 133 | 1.5090 | 97,537 | 
309 | PHENIXINS | 28 | 28 | 27.1 | 27.2 | 27.3 | 0.7 | 69 | 1.4320 | 52,501 | 
310 | EBLNRBMF | 3.6 | 3.7 | 3.5 | 3.6 | 3.5 | 0.1 | 53 | 1.4280 | 396,741 | 
311 | KEYACOSMET | 4.8 | 4.9 | 4.7 | 4.8 | 4.7 | 0.1 | 107 | 1.4100 | 296,027 | 
312 | PRAGATIINS | 51.3 | 51.7 | 51.2 | 51.3 | 51.7 | -0.4 | 92 | 1.3970 | 27,175 | 
313 | PURABIGEN | 18.5 | 18.8 | 18.4 | 18.5 | 18.5 | 0 | 86 | 1.3660 | 73,562 | 
314 | PDL | 6.7 | 7.1 | 6.7 | 6.8 | 6.8 | -0.1 | 146 | 1.3310 | 197,316 | 
315 | IFIC1STMF | 3.8 | 3.9 | 3.8 | 3.8 | 3.8 | 0 | 60 | 1.3060 | 342,316 | 
316 | UTTARAFIN | 17.3 | 18.4 | 17.2 | 17.3 | 17.8 | -0.5 | 128 | 1.2990 | 74,159 | 
317 | CROWNCEMNT | 50.5 | 51.2 | 50.5 | 50.7 | 50.4 | 0.1 | 125 | 1.2970 | 25,535 | 
318 | DELTASPINN | 5.7 | 5.8 | 5.7 | 5.7 | 5.8 | -0.1 | 89 | 1.2940 | 226,103 | 
319 | VFSTDL | 7.4 | 7.6 | 7.2 | 7.2 | 7.4 | 0 | 87 | 1.2860 | 176,653 | 
320 | ISLAMIINS | 41.1 | 41.3 | 40.2 | 40.6 | 41 | 0.1 | 90 | 1.2730 | 31,278 | 
321 | HWAWELLTEX | 44 | 45.9 | 43 | 43.3 | 44.4 | -0.4 | 87 | 1.2210 | 28,102 | 
322 | NAVANACNG | 22.3 | 22.7 | 22.1 | 22.2 | 22.3 | 0 | 92 | 1.2150 | 54,759 | 
323 | YPL | 14.4 | 14.8 | 14.3 | 14.4 | 14.4 | 0 | 86 | 1.2010 | 82,557 | 
324 | GENNEXT | 2.7 | 2.8 | 2.6 | 2.7 | 2.7 | 0 | 99 | 1.1980 | 446,253 | 
325 | PHPMF1 | 3.4 | 3.6 | 3.4 | 3.4 | 3.5 | -0.1 | 53 | 1.1500 | 330,733 | 
326 | SHYAMPSUG | 131.7 | 137.5 | 130 | 131.7 | 130 | 1.7 | 47 | 1.1470 | 8,696 | 
327 | ICBAMCL2ND | 6.3 | 6.4 | 6.2 | 6.3 | 6.3 | 0 | 60 | 1.0810 | 171,458 | 
328 | DULAMIACOT | 93.9 | 94.8 | 90.2 | 93.9 | 90.7 | 3.2 | 123 | 1.0320 | 11,130 | 
329 | EBL1STMF | 4.7 | 4.7 | 4.6 | 4.6 | 4.7 | 0 | 44 | 0.9970 | 215,590 | 
330 | AZIZPIPES | 53.5 | 53.6 | 52.6 | 53.5 | 52.7 | 0.8 | 97 | 0.9220 | 17,336 | 
331 | IFILISLMF1 | 5 | 5.1 | 5 | 5 | 5 | 0 | 32 | 0.8950 | 179,065 | 
332 | MEGHNAPET | 25.6 | 26.2 | 24.4 | 24.8 | 25.3 | 0.3 | 102 | 0.8770 | 35,193 | 
333 | RSRMSTEEL | 10.6 | 10.6 | 10.1 | 10.3 | 10.4 | 0.2 | 71 | 0.8760 | 85,264 | 
334 | MERCINS | 26.7 | 27.5 | 26.6 | 26.7 | 27.1 | -0.4 | 64 | 0.8670 | 32,329 | 
335 | FAREASTLIF | 29.7 | 30.4 | 29.4 | 29.7 | 29.9 | -0.2 | 107 | 0.8610 | 28,709 | 
336 | BAYLEASING | 4.8 | 4.9 | 4.7 | 4.8 | 4.7 | 0.1 | 93 | 0.8330 | 175,374 | 
337 | SEMLIBBLSF | 7.1 | 7.1 | 7 | 7 | 7.2 | -0.1 | 66 | 0.8260 | 117,477 | 
338 | MITHUNKNIT | 15.2 | 15.5 | 15.2 | 15.2 | 15.3 | -0.1 | 91 | 0.7330 | 47,598 | 
339 | AAMRATECH | 12.6 | 13 | 12.5 | 12.6 | 12.8 | -0.2 | 102 | 0.7300 | 57,664 | 
340 | PLFSL | 2.2 | 2.2 | 2.1 | 2.1 | 2.1 | 0.1 | 52 | 0.7040 | 333,910 | 
341 | TAKAFULINS | 34.9 | 35.5 | 34 | 34.1 | 35.3 | -0.4 | 116 | 0.6870 | 20,097 | 
342 | HFL | 8.5 | 8.8 | 8.4 | 8.4 | 8.6 | -0.1 | 56 | 0.6860 | 80,839 | 
343 | ICBIBANK | 3 | 3.1 | 3 | 3 | 3 | 0 | 49 | 0.6830 | 226,465 | 
344 | AFCAGRO | 8 | 8.2 | 8 | 8 | 8 | 0 | 56 | 0.6790 | 84,648 | 
345 | NORTHRNINS | 30.5 | 33.2 | 30.2 | 30.5 | 30.3 | 0.2 | 70 | 0.6650 | 21,582 | 
346 | GSPFINANCE | 5 | 5.1 | 4.9 | 5 | 5 | 0 | 55 | 0.6530 | 130,836 | 
347 | ARAMITCEM | 12.6 | 13.2 | 12.4 | 12.6 | 13 | -0.4 | 93 | 0.6490 | 50,995 | 
348 | MBL1STMF | 4.9 | 4.9 | 4.8 | 4.9 | 4.9 | 0 | 50 | 0.6410 | 131,891 | 
349 | MEGCONMILK | 17.8 | 18.6 | 17.4 | 17.7 | 17.5 | 0.3 | 93 | 0.6400 | 36,542 | 
350 | SKTRIMS | 10.2 | 10.5 | 10.2 | 10.2 | 10.2 | 0 | 66 | 0.6300 | 61,557 | 
351 | NTC | 172.1 | 175 | 171 | 173.4 | 170.3 | 1.8 | 48 | 0.6190 | 3,572 | 
352 | POPULAR1MF | 3.6 | 3.7 | 3.5 | 3.6 | 3.6 | 0 | 23 | 0.6150 | 170,741 | 
353 | MEGHNACEM | 43.1 | 43.5 | 42.1 | 42.3 | 42.3 | 0.8 | 63 | 0.6080 | 14,308 | 
354 | GBBPOWER | 7.3 | 7.5 | 7.3 | 7.3 | 7.3 | 0 | 67 | 0.5940 | 80,540 | 
355 | PENINSULA | 10.9 | 11.1 | 10.8 | 10.9 | 10.9 | 0 | 61 | 0.5310 | 48,643 | 
356 | APOLOISPAT | 3.3 | 3.4 | 3.3 | 3.3 | 3.3 | 0 | 42 | 0.5170 | 156,282 | 
357 | NCCBLMF1 | 5.6 | 5.7 | 5.6 | 5.6 | 5.6 | 0 | 29 | 0.4810 | 85,823 | 
358 | PRIMETEX | 13.8 | 14.5 | 13.8 | 13.8 | 14.2 | -0.4 | 58 | 0.4440 | 31,938 | 
359 | PADMALIFE | 20.9 | 21.1 | 20.1 | 20.9 | 20.4 | 0.5 | 64 | 0.4170 | 20,083 | 
360 | VAMLRBBF | 6 | 6.3 | 6 | 6.1 | 6.2 | -0.2 | 15 | 0.4110 | 67,654 | 
361 | ALLTEX | 10.7 | 11.1 | 10.4 | 10.8 | 10.6 | 0.1 | 74 | 0.4100 | 37,756 | 
362 | PREMIERLEA | 3 | 3 | 2.9 | 3 | 2.9 | 0.1 | 30 | 0.4080 | 136,876 | 
363 | NORTHERN | 114.9 | 116 | 112 | 113 | 114.9 | 0 | 52 | 0.3790 | 3,374 | 
364 | METROSPIN | 11.5 | 11.9 | 11.4 | 11.4 | 11.9 | -0.4 | 60 | 0.3720 | 32,275 | 
365 | PRIME1ICBA | 5.2 | 5.2 | 5.2 | 5.2 | 5.2 | 0 | 20 | 0.3600 | 69,206 | 
366 | SHURWID | 6.9 | 7.1 | 6.9 | 6.9 | 7 | -0.1 | 54 | 0.3200 | 46,079 | 
367 | FAMILYTEX | 2.3 | 2.4 | 2.3 | 2.3 | 2.3 | 0 | 58 | 0.3130 | 135,690 | 
368 | BDWELDING | 10.4 | 10.5 | 10.2 | 10.4 | 10.2 | 0.2 | 59 | 0.3070 | 29,805 | 
369 | LRGLOBMF1 | 3.9 | 4 | 3.8 | 3.9 | 3.9 | 0 | 26 | 0.2890 | 73,900 | 
370 | SEMLFBSLGF | 5.7 | 5.8 | 5.7 | 5.7 | 5.7 | 0 | 22 | 0.2850 | 49,836 | 
371 | UNIONCAP | 5 | 5.2 | 5 | 5 | 5.1 | -0.1 | 49 | 0.2800 | 55,975 | 
372 | ATLASBANG | 63.9 | 66 | 63.8 | 63.9 | 65.4 | -1.5 | 98 | 0.2660 | 4,111 | 
373 | TALLUSPIN | 5.4 | 5.6 | 5.3 | 5.4 | 5.5 | -0.1 | 46 | 0.2650 | 48,883 | 
374 | MIDASFIN | 7.5 | 7.7 | 7.5 | 7.5 | 7.5 | 0 | 33 | 0.2510 | 33,392 | 
375 | ILFSL | 3 | 3.1 | 2.9 | 2.9 | 3 | 0 | 24 | 0.2290 | 78,061 | 
376 | JUTESPINN | 201.8 | 205.1 | 200 | 200.5 | 204 | -2.2 | 46 | 0.2140 | 1,065 | 
377 | ICBEPMF1S1 | 5.3 | 5.3 | 5.2 | 5.2 | 5.3 | 0 | 18 | 0.2130 | 40,863 | 
378 | REGENTTEX | 3.9 | 4 | 3.8 | 3.9 | 3.8 | 0.1 | 59 | 0.2120 | 53,865 | 
379 | NFML | 10.8 | 10.9 | 10.4 | 10.5 | 10.9 | -0.1 | 33 | 0.2020 | 19,141 | 
380 | TUNGHAI | 2.7 | 2.8 | 2.7 | 2.8 | 2.7 | 0 | 33 | 0.1960 | 71,159 | 
381 | VAMLBDMF1 | 7 | 7.2 | 7 | 7.1 | 7 | 0 | 37 | 0.1680 | 23,742 | 
382 | ZEALBANGLA | 85.2 | 88.4 | 85.2 | 85.2 | 84.8 | 0.4 | 20 | 0.1650 | 1,931 | 
383 | USMANIAGL | 34.7 | 35 | 34.1 | 34.3 | 34.7 | 0 | 26 | 0.1530 | 4,450 | 
384 | BIFC | 6 | 6 | 5.9 | 6 | 6.1 | -0.1 | 22 | 0.1490 | 24,925 | 
385 | RENWICKJA | 703.5 | 724 | 679.9 | 703.5 | 679.7 | 23.8 | 26 | 0.1410 | 200 | 
386 | PHOENIXFIN | 3.6 | 3.7 | 3.5 | 3.6 | 3.6 | 0 | 24 | 0.1220 | 33,733 | 
387 | NURANI | 3.1 | 3.2 | 3.1 | 3.1 | 3.2 | -0.1 | 25 | 0.1140 | 36,536 | 
388 | FAREASTFIN | 3.8 | 3.9 | 3.5 | 3.6 | 3.8 | 0 | 20 | 0.0830 | 22,921 | 
389 | ANLIMAYARN | 22.4 | 22.8 | 22.2 | 22.2 | 22.4 | 0 | 14 | 0.0520 | 2,356 | 
390 | FIRSTFIN | 3.1 | 3.2 | 3.1 | 3.1 | 3.1 | 0 | 18 | 0.0290 | 9,344 | 
391 | ZAHINTEX | 4.4 | 4.5 | 4.3 | 4.4 | 4.4 | 0 | 11 | 0.0150 | 3,404 | 
392 | STANCERAM | 70.8 | 70.8 | 70.8 | 70.8 | 68.2 | 2.6 | 1 | 0.0000 | 2 | 
393 | BEXIMCO | 110.1 | 110.1 | 110.1 | 110.1 | 110.1 | 0 | 2 | 0.0000 | 4 | 
394 | ATCSLGF | 0 | 0 | 0 | 7.5 | 7.5 | -- | 0 | 0.0000 | 0 | 
395 | PRIMELIFE | 0 | 0 | 0 | 39 | 39 | -- | 0 | 0.0000 | 0 | 
396 | SAVAREFR | 0 | 0 | 0 | 215.5 | 215.5 | -- | 0 | 0.0000 | 0 | 
397 | BDSERVICE | 0 | 0 | 0 | 5.2 | 5.2 | -- | 0 | 0.0000 | 0 | 
